10
93
89
88
46
26
93
54
54
3
30
97
1
90
96
90
70
34
78
40
9
60
22
34
97
69
64
51
47
59
87
26
47
42
38
59
47
83
80
94
42
28
41
34
59
81
85
63
90
62
19
47
82
88
32
45
59
79
86
48
46
1
13
68
99
28
48
9
82
39
95
41
66
82
36
14
19
75
58
83
99
3
44
24
70
80
46
96
20
61
55
89
12
86
56
30
48
77
29
2
70
6
50
99
46
21
30
18
57
9
56
97
79
76
80
49
47
44
45
25
38
28
10
27
46
45
92
39
45
97
68
37
52
29
87
93
93
77
75
30
35
64
99
56
88
66
17
47
28
64
29
28
84
13
55
69
50
69
31
83
60
80
8
92
5
22
93
78
94
78
43
61
46
55
99
45
12
4
39
66
93
58
37
4
67
50
68
14
65
45
44
15
75
24
96
89
63
62
92
6
83
2
52
77
26
66
84
90
58
56
55
54
36
52
11
20
94
87
69
86
55
58
58
5
87