19
69
43
15
23
89
19
54
69
4
13
37
66
8
78
67
32
76
13
87
42
23
32
88
21
4
2
61
99
43
59
13
42
18
60
19
81
17
36
94
42
67
18
42
9
4
72
43
64
97
32
7
14
78
21
19
72
69
2
16
87
67
42
55
7
26
81
19
88
67
78
26
33
12
39
88
72
83
37
28
81
57
77
77
23
6
37
57
67
42
40
57
17
95
28
96
73
67
52
20
99
71
37
42
17
39
47
17
1
37
15
25
97
37
17
69
39
64
47
79
33
5
37
93
14
97
66
77
36
27
64
12
25
84
83
29
52
25
43
23
98
79
6
3
42
72
17
47
2
1
77
69
57
86
69
74
97
35
25
21
61
57
93
17
45
35
12
26
60
75
11
8
1
41
12
53
77
42
66
55
47
46
55
26
27
6
52
72
27
15
1
84
81
56
74
33
77
4
7
66
24
93
55
64
97
66
74
64
73
17
17
23
97
73
37
72
41
76
6
87
66
54
77
65
83